4 180
3 1 1 2 1 1

0 3
-5 1
-6 1 
1 1

3 1
3 1
3 1
3 1
3 1
2 0.5
1 0.5

1 3
-5 1
-6 1
1 1

3 1
3 1
3 1
3 1
3 1
2 0.5
1 0.5

1 3
3 1
2 1
1 1

1 1
1 1
1 3
-6 1

1 3
1 1
1 1
1 0.5
1 0.5

2 1
2 1
2 1
2 1
2 1
1 1

2 3
1 1
2 1
3 1

5 1
5 1
5 1
5 1
5 1
3 1

3 3
1 1
2 1
3 1

6 1
6 1
6 1
6 1
6 1
5 0.5
3 0.5

3 3
3 1
3 1
5 1

6 1
6 1
5 1
6 1
6 1
6 0.5
8 0.5

8 3
8 1
8 1
6 1

9 1
9 1
9 1
9 1
9 1
8 0.5
9 0.5

9 3
5 1
6 1
8 1

9 2
10 4

0 3
5 1
6 1
8 1

9 2
10 4

0 3
10 1
9 1
8 1

9 2
6 4

0 3
6 1
8 1
6 1

9 2
5 4

0 3
12 1
12 1
9 1

9 2
10 4

0 3
10 1
9 1
8 1

9 2
10 4

0 3
10 1
9 1
8 1

9 2
6 4

0 3
6 1
8 1
6 1

9 6

0 0
0 0

0 3
-5 1
-6 1 
1 1

3 1
3 1
3 1
3 1
3 1
2 0.5
1 0.5

1 3
-5 1
-6 1
1 1

3 1
3 1
3 1
3 1
3 1
2 0.5
1 0.5

1 3
3 1
2 1
1 1

1 1
1 1
1 1
1 2
-6 1

1 3
1 1
1 1
1 0.5
-6 0.5

2 1
2 1
1 1
2 2
3 1

-5 3
1 1
2 1
3 1

5 1
5 1
5 1
5 1
5 1
2 1

3 3
1 1
2 1
3 1

6 1
6 1
6 1
6 1
6 1
5 0.5
3 0.5

3 3
3 1
3 1
5 1

6 1
6 1
5 1
6 2
6 0.5
8 0.5

8 3
8 1
8 1
6 1

9 1
9 1
9 1
9 1
9 1
8 0.5
9 0.5

9 3
5 1
6 1
8 1

9 2
10 4

0 3
5 1
6 1
8 1

9 2
10 4

0 3
10 1
9 1
8 1

9 2
6 4

0 3
6 1
8 1
6 1

9 2
5 4

0 3
12 1
12 1
9 1

9 2
10 4

0 3
10 1
9 1
8 1

9 2
10 4

0 3
10 1
9 1
8 1

9 2
6 4

0 3
6 1
8 1
6 1

9 2
5 4

0 4
8 1
6 1

8 6

0 6

0 0
0 0

0 3
-5 1
-6 1
1 1

3 1
3 1
3 1
3 1
3 1
2 0.5
1 0.5

1 3
-5 1
-6 1
1 1

3 1
3 1
3 1
3 1
3 1
2 0.5
1 0.5

1 3
3 1
2 1
1 1

1 1
1 1
1 1
1 1
1 1
-6 0.5
1 0.5

1 3
1 1
1 1
-6 1

2 1
2 1
2 1
2 1
2 1
1 0.5
2 0.5

2 3
1 1
2 1
3 1

5 1
5 1
5 1
5 1
5 1
3 1

3 3
1 1
2 1
3 1

6 1
6 1
6 1
6 1
6 1
5 0.5
3 0.5

3 3
3 1
3 1
5 1

6 1
6 1
6 1
6 1
5 1
5 1

6 3
6 1
6 1
8 1

9 1
9 1
9 1
9 1
9 1
8 0.5
9 0.5

9 3
5 1
6 1
8 1

9 2
10 4

0 3
5 1
6 1
8 1

9 2
10 4

0 3
10 1
9 1
8 1

9 2
6 4

0 3
6 1
8 1
6 1

9 2
5 4

0 3
12 1
12 1
9 1

9 2
10 4

0 3
10 1
9 1
8 1

9 2
10 4

0 3
10 1
9 1
8 1

9 2
6 4

0 3
6 1
8 1
6 1

9 2
5 6

0 3
5 1
6 1
8 1

9 2
10 4

0 3
5 1
6 1
8 1

9 2
10 4

0 3
10 1
9 1
8 1

9 2
6 4

0 3
6 1
8 1
6 1

9 2
5 4

0 3
12 1
12 1
9 1

9 2
10 4

0 3
10 1
9 1
8 1

9 2
10 4

0 3
10 1
9 1
8 1

9 2
6 4

0 3
6 1
8 1
6 1

9 2
5 4

0 4
8 1
6 1
8 9