1 196
2.4 1 1 1.5 1 1

0 3
5 1
1 1
2 1

1 2
-5 1
-6 2
1 1

-5 3
-5 1
-6 1 
1 1

3 2
2 1
3 1
6 1
5 1

3 3
0 2
3 0.5
5 0.5

6 2
5 0.5
3 0.5
2 2
-6 1

3 3
1 2
-6 4

1 6

3 1
3 1
5 1

6 1
5 1
5 1
5 1
5 1
3 1

5 3
3 1
3 1
5 1

6 1
7 1
6 1
5 1
3 1
2 1

3 3
3 2
2 1

1 2
2 1
8 2
6 1

5 1
6 1
5 1
3 2
3 1

2 1
1 1
-6 1
1 1
2 1
3 1

3 1
2 2
3 1
3 1
5 1



6 1
5 1
5 1
5 1
5 1
3 1

5 3
3 1
3 1
5 1

6 1
7 1
6 1
5 1
3 1
2 1

3 3
3 1
3 1
2 1

1 1
1 1
-6 1
8 2
6 1

5 1
6 1
5 1
3 2
3 1

2 1
1 1
-6 1
1 1
2 1
3 1

2 1
1 2
0 1
3 1
5 1

6 1
6 1
6 1
6 1
7 1
6 1

5 3
0 1
5 1
6 1

8 1
8 1
8 1
8 1
6 1
12 1

10 3
10 1
9 1
8 1

9 3
10 1
9 1
8 1

9 3
10 1
9 1
8 1

9 1
9 1
9 1
9 1
8 1
13 1

12 6

0 3
9 1
8 1
9 1

12 3
9 1
8 1
9 1

12 3
9 1
8 1
9 1

12 1
12 1
12 1
12 1
10 1
9 1

10 3
10 1
9 1
8 1

6 3
10 1
9 1
8 1

5 3
5 1
6 1
8 1

6 1
6 1
6 1
12 1
12 1
8 1

9 3
9 1
8 1
9 1

12 3
9 1
8 1
9 1

12 3
9 1
8 1
9 1

12 1
12 1
12 1
12 1
10 1
9 1

10 3
10 1
9 1
8 1

6 3
10 1
9 1
8 1

5 1
5 1
10 1
10 2
10 1

9 1
8 1
6 1
8 1
9 1
6 2

8 5